Distancias A                         
B 9331 B                        
C 18747 19612 C                       
D 19315 10236 8067 D                      
E 15478 15984 5031 7348 E                     
F 8773 6158 13472 12591 19419 F                    
G 1085 9108 20541 22403 17529 9322 G                   
H 10047 1204 16482 11792 20656 5525 8383 H                  
I 21510 17370 2514 6054 3545 18658 20756 17917 I                 
J 22352 12489 5692 3760 9523 10920 21902 12271 4596 J                
K 9000 4066 20584 14078 14330 9970 7458 4112 15675 16203 K               
L 10105 23620 7621 11952 6820 16476 12763 19171 8121 13108 17071 L              
M 21408 12067 8875 2306 6951 15277 18014 12246 5651 5236 11519 13043 M             
N 23083 14060 2873 4593 6467 16228 23715 17512 2428 2767 17371 10312 5759 N            
O 6612 16571 11171 15094 8674 15975 8819 14392 13330 18083 11490 5621 12668 12843 O           
P 1508 10066 16644 22821 18233 6884 1822 8951 18464 20405 7551 11370 22807 21188 8170 P          
Q 7673 2256 18508 11369 18774 3741 7134 1102 18283 11958 4690 18545 13826 14434 16975 7049 Q         
R 13031 22375 2886 10202 4678 16185 16080 18751 4807 8207 21122 3390 9587 7116 9994 14964 18294 R        
S 20867 13896 3408 4274 4480 15762 19846 16901 972 4708 17484 8934 4354 1785 14361 18842 15495 6249 S       
T 23250 12995 4111 3387 5978 16450 25309 13944 2593 3287 15780 9654 4589 630 12799 23434 16806 7187 1640 T      
U 13195 7894 13246 8066 10686 15080 12958 8637 11351 13251 6176 15426 5961 11235 11797 12944 9315 14534 11861 11775 U     
V 2279 9866 20212 21300 17742 8647 1404 8296 21360 23153 5566 13845 17266 24242 6709 3351 8743 14849 20851 21648 11893 V    
W 15893 19105 3174 11204 6563 13849 17426 20108 4594 7851 21869 3861 10137 6955 9935 15928 20844 460 5887 7619 16285 18074 W   
X 19635 9314 10626 3138 10686 10395 17714 8528 8677 4432 9761 17555 4684 5744 17557 18087 8998 13218 6937 6192 7650 17399 13981 X  
Y 20119 15356 3560 5021 7068 11047 19433 15272 4284 1513 18877 9398 6010 1939 17746 21240 14858 7111 3734 2467 13894 24012 7875 5995 Y 
Z 2114 9828 15855 19038 15910 7324 2939 9302 17690 19822 9024 12057 22228 20120 9966 1118 8781 13693 17784 22121 15044 4307 15412 16150 18588 Z